1 0.000033
3 0.000054
5 0.000096
7 0.000101
9 0.000105
11 0.000123
13 0.000140
15 0.000160
17 0.000209
19 0.000195
21 0.000216
23 0.000368
25 0.000354
27 0.000284
29 0.000368
31 0.000535
33 0.000532
35 0.000498
37 0.000391
39 0.002197
41 0.002649
43 0.001262
45 0.003193
47 0.001869
49 0.000786
51 0.000815
53 0.000885
55 0.000999
57 0.001080
59 0.000913
61 0.001505
63 0.000937
65 0.001028
67 0.001040
69 0.000759
71 0.000785
73 0.001163
75 0.001355
77 0.001309
79 0.001309
81 0.001045
83 0.001053
85 0.000970
87 0.000949
89 0.001080
91 0.000847
93 0.001207
95 0.001441
97 0.002199
99 0.001471
101 0.001535
103 0.001188
105 0.001586
107 0.001670
109 0.001549
111 0.001246
113 0.001327
115 0.001142
117 0.001814
119 0.001768
121 0.001593
123 0.002150
125 0.002298
127 0.001960
129 0.002056
131 0.002554
133 0.002193
135 0.001709
137 0.001894
139 0.002301
141 0.002107
143 0.002315
145 0.002497
147 0.002409
149 0.002329
151 0.002233
153 0.001994
155 0.001765
157 0.002217
159 0.002466
161 0.003952
163 0.002008
165 0.002145
167 0.002503
169 0.002817
171 0.002605
173 0.003222
175 0.002114
177 0.003624
179 0.002437
181 0.002590
183 0.002563
185 0.003782
187 0.002404
189 0.002105
191 0.002101
193 0.002200
195 0.002210
197 0.002506
199 0.002254
201 0.002928
203 0.004144
205 0.002597
207 0.003721
209 0.004838
211 0.005922
213 0.003381
215 0.003788
217 0.004181
219 0.004034
221 0.006184
223 0.005258
225 0.005776
227 0.005240
229 0.005271
231 0.005405
233 0.005857
235 0.004893
237 0.005289
239 0.005299
241 0.005717
243 0.005696
245 0.006526
247 0.005541
249 0.005811
251 0.005304
253 0.006185
255 0.006569
257 0.005945
259 0.006106
261 0.006140
263 0.005661
265 0.006611
267 0.005973
269 0.006653
271 0.005934
273 0.006191
275 0.005980
277 0.008329
279 0.007091
281 0.008452
283 0.006945
285 0.006867
287 0.007369
289 0.007524
291 0.006695
293 0.007180
295 0.006888
297 0.007057
299 0.008033
301 0.007872
303 0.007040
305 0.007151
307 0.007557
309 0.007262
311 0.007394
313 0.007559
315 0.007566
317 0.007920
319 0.008225
321 0.008156
323 0.009224
325 0.008063
327 0.008034
329 0.008785
331 0.009099
333 0.008344
335 0.009829
337 0.009694
339 0.009034
341 0.008726
343 0.008401
345 0.010633
347 0.008718
349 0.009562
351 0.010537
353 0.009701
355 0.012292
357 0.011203
359 0.011815
361 0.010054
363 0.009857
365 0.009733
367 0.010719
369 0.011700
371 0.010610
373 0.010924
375 0.010714
377 0.010882
379 0.011036
381 0.010616
383 0.011337
385 0.010475
387 0.010823
389 0.010617
391 0.011415
393 0.011605
395 0.011684
397 0.013713
399 0.011398
401 0.012633
403 0.011462
405 0.011867
407 0.012930
409 0.013205
411 0.012378
413 0.013389
415 0.012292
417 0.013374
419 0.012597
421 0.015127
423 0.015813
425 0.013557
427 0.012297
429 0.015492
431 0.015124
433 0.014814
435 0.015334
437 0.015401
439 0.013246
441 0.013161
443 0.013342
445 0.014679
447 0.014620
449 0.014412
451 0.016369
453 0.016254
455 0.016173
457 0.014685
459 0.013758
461 0.014619
463 0.014961
465 0.015563
467 0.016497
469 0.014256
471 0.014485
473 0.013693
475 0.015550
477 0.015584
479 0.017738
481 0.017396
483 0.017589
485 0.022399
487 0.016404
489 0.022706
491 0.017772
493 0.016318
495 0.016930
497 0.018206
499 0.018061
501 0.017180
503 0.018120
505 0.018918
507 0.018818
509 0.017681
511 0.017726
513 0.016618
515 0.017661
517 0.017771
519 0.018991
521 0.019273
523 0.019711
525 0.019193
527 0.019491
529 0.018418
531 0.021558
533 0.021868
535 0.018866
537 0.018578
539 0.019988
541 0.021992
543 0.021796
545 0.022928
547 0.019982
549 0.021462
551 0.021950
553 0.019837
555 0.020214
557 0.027387
559 0.019751
561 0.020127
563 0.022686
565 0.025845
567 0.022144
569 0.017680
571 0.030299
573 0.025159
575 0.017361
577 0.020513
579 0.019715
581 0.018095
583 0.020531
585 0.022116
587 0.022103
589 0.023967
591 0.025443
593 0.023559
595 0.028099
597 0.022953
599 0.018301
601 0.019542
603 0.020159
605 0.020837
607 0.018037
609 0.016310
611 0.016350
613 0.016146
615 0.021885
617 0.023583
619 0.024738
621 0.013331
623 0.011243
625 0.022649
627 0.023546
629 0.023566
631 0.028954
633 0.021830
635 0.024303
637 0.024995
639 0.022952
641 0.014586
643 0.025775
645 0.021057
647 0.020512
649 0.025404
651 0.026119
653 0.022427
655 0.030362
657 0.024536
659 0.020593
661 0.025254
663 0.022240
665 0.012676
667 0.021401
669 0.026369
671 0.027756
673 0.023624
675 0.034891
677 0.022048
679 0.019920
681 0.027466
683 0.033702
685 0.025390
687 0.026424
689 0.028530
691 0.027561
693 0.020761
695 0.015737
697 0.020097
699 0.020955
701 0.026088
703 0.018109
705 0.018602
707 0.016663
709 0.030429
711 0.033454
713 0.031080
715 0.032425
717 0.029375
719 0.031236
721 0.031673
723 0.028761
725 0.028596
727 0.026605
729 0.027718
731 0.032511
733 0.034330
735 0.028543
737 0.027856
739 0.023147
741 0.034942
743 0.031742
745 0.032803
747 0.026518
749 0.035498
751 0.034826
753 0.038127
755 0.030934
757 0.037370
759 0.035243
761 0.039371
763 0.030355
765 0.024074
767 0.027339
769 0.022605
771 0.021600
773 0.037674
775 0.031307
777 0.033179
779 0.037224
781 0.022086
783 0.025134
785 0.034189
787 0.039843
789 0.033486
791 0.033886
793 0.045102
795 0.046700
797 0.039062
799 0.036836
801 0.039921
803 0.037300
805 0.040148
807 0.036914
809 0.036852
811 0.038779
813 0.040341
815 0.045209
817 0.041086
819 0.036040
821 0.037674
823 0.037243
825 0.040046
827 0.041839
829 0.036168
831 0.037416
833 0.038878
835 0.039189
837 0.040786
839 0.042692
841 0.040728
843 0.047731
845 0.040722
847 0.040102
849 0.040052
851 0.043268
853 0.041182
855 0.040328
857 0.046180
859 0.040822
861 0.040586
863 0.045248
865 0.039715
867 0.039573
869 0.043639
871 0.040098
873 0.039831
875 0.044035
877 0.042119
879 0.040367
881 0.039880
883 0.040894
885 0.040872
887 0.048372
889 0.047765
891 0.039060
893 0.037115
895 0.035281
897 0.023776
899 0.026800
901 0.041518
903 0.042265
905 0.041692
907 0.035669
909 0.037394
911 0.043823
913 0.043500
915 0.043377
917 0.049415
919 0.044884
921 0.052308
923 0.046425
925 0.045152
927 0.044545
929 0.040930
931 0.038717
933 0.046758
935 0.044957
937 0.037907
939 0.052203
941 0.059821
943 0.045616
945 0.049513
947 0.047143
949 0.049292
951 0.049363
953 0.047684
955 0.044213
957 0.052376
959 0.055446
961 0.056650
963 0.055199
965 0.056812
967 0.052476
969 0.054275
971 0.054683
973 0.057686
975 0.056550
977 0.058430
979 0.058122
981 0.063455
983 0.052750
985 0.055365
987 0.057473
989 0.058133
991 0.053235
993 0.055886
995 0.054406
997 0.060693
999 0.055407
