1 0.000066
3 0.000091
5 0.000183
7 0.000187
9 0.000082
11 0.000221
13 0.000130
15 0.000193
17 0.000137
19 0.000160
21 0.000130
23 0.000301
25 0.000106
27 0.000332
29 0.000287
31 0.000400
33 0.000563
35 0.000469
37 0.000583
39 0.000540
41 0.000315
43 0.000537
45 0.000489
47 0.000253
49 0.000490
51 0.000370
53 0.000548
55 0.000695
57 0.000486
59 0.000887
61 0.000699
63 0.000569
65 0.001101
67 0.000168
69 0.000936
71 0.000409
73 0.000902
75 0.000782
77 0.000823
79 0.000836
81 0.000803
83 0.000859
85 0.000629
87 0.000563
89 0.000755
91 0.002934
93 0.001192
95 0.000454
97 0.001293
99 0.001166
101 0.000729
103 0.001007
105 0.000867
107 0.000553
109 0.001129
111 0.000897
113 0.000999
115 0.000597
117 0.000909
119 0.000702
121 0.000154
123 0.000805
125 0.000676
127 0.000480
129 0.001938
131 0.001418
133 0.002777
135 0.001831
137 0.002738
139 0.002376
141 0.001692
143 0.001416
145 0.002125
147 0.001452
149 0.001790
151 0.002307
153 0.002811
155 0.000947
157 0.001793
159 0.001466
161 0.002783
163 0.002754
165 0.002013
167 0.001177
169 0.001930
171 0.002338
173 0.001133
175 0.001955
177 0.001288
179 0.002472
181 0.002741
183 0.001218
185 0.000322
187 0.000687
189 0.001024
191 0.002205
193 0.006435
195 0.002893
197 0.002324
199 0.002567
201 0.001409
203 0.002170
205 0.002436
207 0.002975
209 0.002098
211 0.002033
213 0.004013
215 0.004813
217 0.004137
219 0.003068
221 0.001517
223 0.001297
225 0.003501
227 0.004753
229 0.001967
231 0.003745
233 0.005987
235 0.002445
237 0.003920
239 0.001756
241 0.000037
243 0.002437
245 0.007386
247 0.006048
249 0.004999
251 0.003054
253 0.003866
255 0.001029
257 0.003396
259 0.003238
261 0.002206
263 0.002365
265 0.006318
267 0.001901
269 0.005019
271 0.005855
273 0.007531
275 0.004703
277 0.002201
279 0.007850
281 0.002215
283 0.002396
285 0.004588
287 0.008097
289 0.001032
291 0.006064
293 0.002744
295 0.005330
297 0.004943
299 0.004519
301 0.003245
303 0.010537
305 0.006534
307 0.002877
309 0.005921
311 0.002504
313 0.003803
315 0.000932
317 0.009805
319 0.010768
321 0.002815
323 0.005262
325 0.005044
327 0.003306
329 0.002413
331 0.004429
333 0.004195
335 0.003142
337 0.003523
339 0.003178
341 0.005412
343 0.012865
345 0.004063
347 0.000138
349 0.002457
351 0.004029
353 0.002470
355 0.006601
357 0.002207
359 0.006552
361 0.007660
363 0.000665
365 0.003736
367 0.002322
369 0.006620
371 0.011246
373 0.005232
375 0.005742
377 0.003591
379 0.004413
381 0.009588
383 0.008876
385 0.007135
387 0.007895
389 0.002894
391 0.003825
393 0.010054
395 0.011187
397 0.001982
399 0.005828
401 0.010451
403 0.005502
405 0.012261
407 0.008479
409 0.005921
411 0.003881
413 0.002416
415 0.009025
417 0.002694
419 0.001471
421 0.004991
423 0.002382
425 0.002829
427 0.023563
429 0.010619
431 0.007502
433 0.006293
435 0.010553
437 0.011481
439 0.015490
441 0.006904
443 0.003585
445 0.015601
447 0.008124
449 0.008262
451 0.003807
453 0.005274
455 0.016226
457 0.015354
459 0.011999
461 0.003993
463 0.002363
465 0.003808
467 0.009257
469 0.018071
471 0.018802
473 0.005149
475 0.018534
477 0.009339
479 0.004250
481 0.015663
483 0.013443
485 0.003785
487 0.016783
489 0.007755
491 0.019144
493 0.010518
495 0.014060
497 0.010975
499 0.004114
501 0.012335
503 0.006122
505 0.011430
507 0.003465
509 0.003139
511 0.017049
513 0.003189
515 0.001612
517 0.006346
519 0.006221
521 0.001781
523 0.013367
525 0.021507
527 0.004174
529 0.021366
531 0.000047
533 0.020879
535 0.015016
537 0.011125
539 0.001956
541 0.008821
543 0.012818
545 0.003914
547 0.014098
549 0.005126
551 0.009760
553 0.014821
555 0.006396
557 0.012727
559 0.008833
561 0.008589
563 0.015328
565 0.004444
567 0.013197
569 0.001649
571 0.007123
573 0.017467
575 0.004292
577 0.022231
579 0.007374
581 0.010380
583 0.023657
585 0.017191
587 0.014382
589 0.014709
591 0.018051
593 0.006323
595 0.006306
597 0.004491
599 0.023678
601 0.001816
603 0.009361
605 0.021479
607 0.002875
609 0.009515
611 0.001511
613 0.016061
615 0.010317
617 0.003008
619 0.010191
621 0.011270
623 0.006989
625 0.008608
627 0.021283
629 0.006144
631 0.007681
633 0.003966
635 0.006317
637 0.006831
639 0.015599
641 0.021626
643 0.029203
645 0.002993
647 0.014360
649 0.003642
651 0.008583
653 0.003774
655 0.011178
657 0.007112
659 0.029178
661 0.003498
663 0.004592
665 0.027925
667 0.011445
669 0.005668
671 0.010445
673 0.011071
675 0.004483
677 0.005149
679 0.009766
681 0.010111
683 0.010446
685 0.005775
687 0.013611
689 0.001090
691 0.007087
693 0.008183
695 0.009379
697 0.008471
699 0.031937
701 0.011637
703 0.006917
705 0.006860
707 0.009906
709 0.036559
711 0.021010
713 0.008134
715 0.014899
717 0.033043
719 0.006138
721 0.004209
723 0.008189
725 0.021871
727 0.014992
729 0.007483
731 0.008988
733 0.017725
735 0.004983
737 0.020545
739 0.004379
741 0.020398
743 0.006922
745 0.011019
747 0.035975
749 0.008418
751 0.021613
753 0.003366
755 0.004567
757 0.009166
759 0.013478
761 0.026195
763 0.004663
765 0.014566
767 0.013827
769 0.021269
771 0.009282
773 0.012563
775 0.005171
777 0.025842
779 0.011438
781 0.021207
783 0.009016
785 0.006348
787 0.019088
789 0.005672
791 0.007553
793 0.008083
795 0.020966
797 0.007498
799 0.013388
801 0.019714
803 0.003285
805 0.019448
807 0.002955
809 0.009821
811 0.009531
813 0.027901
815 0.005688
817 0.015831
819 0.006565
821 0.005303
823 0.029462
825 0.025242
827 0.015525
829 0.021399
831 0.007921
833 0.012793
835 0.011807
837 0.005684
839 0.013738
841 0.010188
843 0.008967
845 0.027557
847 0.013073
849 0.018036
851 0.017398
853 0.014623
855 0.006852
857 0.029084
859 0.009227
861 0.022140
863 0.030475
865 0.024150
867 0.005159
869 0.030548
871 0.006421
873 0.012783
875 0.009590
877 0.013279
879 0.008708
881 0.031784
883 0.021063
885 0.007382
887 0.008221
889 0.012393
891 0.007988
893 0.026971
895 0.005845
897 0.029266
899 0.015562
901 0.028919
903 0.019048
905 0.007966
907 0.012578
909 0.021897
911 0.038461
913 0.033192
915 0.009101
917 0.008712
919 0.010243
921 0.017702
923 0.022020
925 0.015389
927 0.008271
929 0.013420
931 0.015403
933 0.030863
935 0.029547
937 0.033603
939 0.013607
941 0.023334
943 0.022233
945 0.013786
947 0.016020
949 0.026162
951 0.009815
953 0.004208
955 0.005048
957 0.008138
959 0.006553
961 0.021722
963 0.015046
965 0.005945
967 0.018420
969 0.024534
971 0.013914
973 0.036250
975 0.009349
977 0.011789
979 0.004125
981 0.019575
983 0.010484
985 0.024037
987 0.020601
989 0.025753
991 0.006449
993 0.014236
995 0.034165
997 0.008058
999 0.031910
