2 0.000047
4 0.000057
6 0.000062
8 0.000070
10 0.000112
12 0.000146
14 0.000113
16 0.000103
18 0.000118
20 0.000118
22 0.000127
24 0.000135
26 0.000140
28 0.000157
30 0.000157
32 0.000166
34 0.000174
36 0.000183
38 0.000191
40 0.000199
42 0.000204
44 0.000214
46 0.000253
48 0.000258
50 0.000315
52 0.000261
54 0.000276
56 0.000469
58 0.000358
60 0.000383
62 0.000297
64 0.000398
66 0.000319
68 0.000718
70 0.000326
72 0.000492
74 0.000459
76 0.000419
78 0.000419
80 0.000469
82 0.000380
84 0.000462
86 0.000459
88 0.000435
90 0.000412
92 0.000558
94 0.000435
96 0.000429
98 0.000437
100 0.000438
102 0.000454
104 0.000438
106 0.000453
108 0.000538
110 0.000475
112 0.000690
114 0.000658
116 0.000522
118 0.000512
120 0.000566
122 0.000530
124 0.000590
126 0.000569
128 0.000602
130 0.000581
132 0.000586
134 0.000657
136 0.000597
138 0.000588
140 0.000592
142 0.000599
144 0.000619
146 0.000635
148 0.000792
150 0.001379
152 0.000958
154 0.000881
156 0.001021
158 0.000675
160 0.000680
162 0.000863
164 0.000732
166 0.000694
168 0.000834
170 0.000724
172 0.000726
174 0.000774
176 0.000757
178 0.000741
180 0.000767
182 0.000897
184 0.000870
186 0.001056
188 0.000878
190 0.000826
192 0.000836
194 0.000969
196 0.000882
198 0.000899
200 0.000877
202 0.001152
204 0.001284
206 0.001099
208 0.001508
210 0.001326
212 0.001295
214 0.001222
216 0.001412
218 0.001088
220 0.001132
222 0.001038
224 0.001063
226 0.001033
228 0.001567
230 0.001084
232 0.000973
234 0.001251
236 0.001116
238 0.001244
240 0.001485
242 0.001044
244 0.001537
246 0.001106
248 0.001018
250 0.001193
252 0.002019
254 0.001719
256 0.001237
258 0.001252
260 0.001123
262 0.001080
264 0.001130
266 0.001234
268 0.001166
270 0.001322
272 0.001746
274 0.001951
276 0.001195
278 0.001184
280 0.001285
282 0.001196
284 0.001232
286 0.001680
288 0.001211
290 0.001214
292 0.001212
294 0.001242
296 0.001326
298 0.001485
300 0.001278
302 0.001280
304 0.001289
306 0.001278
308 0.002001
310 0.002169
312 0.001351
314 0.001302
316 0.001598
318 0.001314
320 0.001444
322 0.001370
324 0.001342
326 0.001506
328 0.001404
330 0.001357
332 0.001642
334 0.001438
336 0.001473
338 0.001702
340 0.001419
342 0.001443
344 0.001440
346 0.001435
348 0.001566
350 0.002058
352 0.001754
354 0.001611
356 0.001527
358 0.001613
360 0.001560
362 0.001590
364 0.001523
366 0.001883
368 0.001742
370 0.001601
372 0.001927
374 0.001652
376 0.001586
378 0.001598
380 0.001640
382 0.001882
384 0.001895
386 0.001654
388 0.005703
390 0.001639
392 0.001643
394 0.002553
396 0.002582
398 0.002055
400 0.007655
402 0.002105
404 0.002744
406 0.001695
408 0.003290
410 0.002150
412 0.002379
414 0.001937
416 0.002355
418 0.001739
420 0.001830
422 0.002043
424 0.001787
426 0.001920
428 0.001772
430 0.001809
432 0.001813
434 0.001844
436 0.001550
438 0.001486
440 0.001646
442 0.002627
444 0.001778
446 0.001826
448 0.002566
450 0.001863
452 0.001906
454 0.001938
456 0.001940
458 0.001914
460 0.002836
462 0.001898
464 0.002181
466 0.001960
468 0.002033
470 0.005072
472 0.002401
474 0.002014
476 0.002252
478 0.002035
480 0.001994
482 0.002031
484 0.002011
486 0.002335
488 0.003864
490 0.002696
492 0.002627
494 0.002271
496 0.002251
498 0.002064
500 0.002133
502 0.002076
504 0.002181
506 0.002414
508 0.002123
510 0.001762
512 0.001938
514 0.002127
516 0.002192
518 0.002165
520 0.002177
522 0.003451
524 0.002223
526 0.002354
528 0.002154
530 0.002300
532 0.002223
534 0.003510
536 0.001924
538 0.001973
540 0.003216
542 0.002557
544 0.002296
546 0.002244
548 0.002292
550 0.002393
552 0.002722
554 0.002577
556 0.002593
558 0.002514
560 0.002397
562 0.002496
564 0.002862
566 0.002416
568 0.002651
570 0.002859
572 0.002854
574 0.002706
576 0.003019
578 0.002709
580 0.002550
582 0.002799
584 0.002849
586 0.002838
588 0.002854
590 0.002641
592 0.002755
594 0.003190
596 0.002816
598 0.002483
600 0.004666
602 0.002644
604 0.002789
606 0.002888
608 0.002947
610 0.002630
612 0.002812
614 0.002747
616 0.002766
618 0.002748
620 0.002858
622 0.003251
624 0.002975
626 0.002718
628 0.003735
630 0.002668
632 0.002717
634 0.003834
636 0.002666
638 0.002779
640 0.002813
642 0.002835
644 0.003434
646 0.002827
648 0.002925
650 0.002744
652 0.003239
654 0.002867
656 0.002851
658 0.002820
660 0.002874
662 0.002806
664 0.002865
666 0.003023
668 0.002917
670 0.003109
672 0.003010
674 0.002873
676 0.003062
678 0.004396
680 0.002684
682 0.003426
684 0.008875
686 0.003004
688 0.002962
690 0.002861
692 0.005054
694 0.002967
696 0.002917
698 0.005680
700 0.002883
702 0.003117
704 0.004502
706 0.003032
708 0.002470
710 0.003366
712 0.003177
714 0.003209
716 0.003168
718 0.005471
720 0.003334
722 0.003499
724 0.004122
726 0.003294
728 0.003128
730 0.003501
732 0.003379
734 0.003396
736 0.003412
738 0.003522
740 0.003793
742 0.003448
744 0.007797
746 0.003291
748 0.003143
750 0.003144
752 0.003128
754 0.003259
756 0.002626
758 0.003158
760 0.003227
762 0.003558
764 0.003235
766 0.003266
768 0.003362
770 0.003360
772 0.003264
774 0.002718
776 0.002737
778 0.003273
780 0.003266
782 0.003379
784 0.003430
786 0.003896
788 0.004251
790 0.003732
792 0.003883
794 0.004238
796 0.003361
798 0.003987
800 0.004938
802 0.003639
804 0.003676
806 0.003671
808 0.003745
810 0.003803
812 0.003625
814 0.004518
816 0.003402
818 0.003981
820 0.003658
822 0.003947
824 0.003651
826 0.003918
828 0.004176
830 0.003961
832 0.003914
834 0.003622
836 0.003604
838 0.003768
840 0.003948
842 0.004069
844 0.003566
846 0.004423
848 0.003913
850 0.003931
852 0.003638
854 0.003686
856 0.003943
858 0.003626
860 0.003586
862 0.003578
864 0.004185
866 0.003777
868 0.004321
870 0.003753
872 0.003717
874 0.004210
876 0.004074
878 0.003874
880 0.004261
882 0.003221
884 0.003742
886 0.004184
888 0.004295
890 0.003822
892 0.003770
894 0.003639
896 0.003511
898 0.004211
900 0.003765
902 0.003793
904 0.003841
906 0.003631
908 0.003773
910 0.005448
912 0.004074
914 0.004255
916 0.004025
918 0.003905
920 0.004212
922 0.004597
924 0.005563
926 0.003950
928 0.004538
930 0.003948
932 0.003901
934 0.003949
936 0.003928
938 0.004416
940 0.003978
942 0.004031
944 0.003952
946 0.003945
948 0.003527
950 0.004601
952 0.004245
954 0.004175
956 0.014311
958 0.004879
960 0.006728
962 0.004187
964 0.004256
966 0.005835
968 0.004360
970 0.004998
972 0.004218
974 0.004180
976 0.004162
978 0.004150
980 0.004159
982 0.004288
984 0.004510
986 0.004271
988 0.004315
990 0.004454
992 0.003773
994 0.008834
996 0.004667
998 0.004963
