1 0.000002
3 0.000004
5 0.000007
7 0.000010
9 0.000012
11 0.000016
13 0.000019
15 0.000023
17 0.000027
19 0.000031
21 0.000036
23 0.000041
25 0.000045
27 0.000051
29 0.000057
31 0.000063
33 0.000067
35 0.000072
37 0.000078
39 0.000133
41 0.000092
43 0.000105
45 0.000115
47 0.000120
49 0.000152
51 0.000134
53 0.000140
55 0.000164
57 0.000178
59 0.000180
61 0.000206
63 0.000201
65 0.000230
67 0.000412
69 0.000253
71 0.000246
73 0.000269
75 0.000320
77 0.000296
79 0.000282
81 0.000298
83 0.000395
85 0.000346
87 0.000340
89 0.000368
91 0.000399
93 0.000413
95 0.000414
97 0.000492
99 0.000519
101 0.000475
103 0.000491
105 0.000844
107 0.000510
109 0.000618
111 0.000541
113 0.000608
115 0.000595
117 0.000602
119 0.000665
121 0.000643
123 0.000733
125 0.000719
127 0.000714
129 0.000844
131 0.000919
133 0.000760
135 0.000829
137 0.000835
139 0.000851
141 0.000874
143 0.001229
145 0.001050
147 0.001074
149 0.001306
151 0.001225
153 0.001009
155 0.001029
157 0.001090
159 0.001107
161 0.001159
163 0.001216
165 0.001387
167 0.001219
169 0.001332
171 0.001322
173 0.001471
175 0.001443
177 0.001356
179 0.001387
181 0.001442
183 0.001757
185 0.001495
187 0.001465
189 0.001476
191 0.001659
193 0.001737
195 0.001590
197 0.001635
199 0.001745
201 0.001737
203 0.001831
205 0.001878
207 0.001753
209 0.001774
211 0.001857
213 0.001901
215 0.001918
217 0.001979
219 0.002231
221 0.003537
223 0.003111
225 0.002331
227 0.002233
229 0.002187
231 0.002301
233 0.002316
235 0.002250
237 0.002325
239 0.002976
241 0.002506
243 0.002465
245 0.002496
247 0.002490
249 0.002515
251 0.002543
253 0.003176
255 0.002670
257 0.002667
259 0.002906
261 0.002733
263 0.002781
265 0.003101
267 0.002921
269 0.003016
271 0.004391
273 0.003459
275 0.003080
277 0.003088
279 0.003120
281 0.003079
283 0.003492
285 0.003286
287 0.003558
289 0.003443
291 0.003859
293 0.003610
295 0.003801
297 0.003593
299 0.003641
301 0.003656
303 0.003723
305 0.003934
307 0.003786
309 0.004001
311 0.003938
313 0.004020
315 0.004236
317 0.004147
319 0.004068
321 0.004308
323 0.004535
325 0.005050
327 0.004876
329 0.004510
331 0.004367
333 0.004678
335 0.005067
337 0.004764
339 0.004644
341 0.004845
343 0.004800
345 0.005101
347 0.010508
349 0.004862
351 0.004884
353 0.005239
355 0.005067
357 0.005024
359 0.005251
361 0.005225
363 0.005353
365 0.005355
367 0.005490
369 0.005739
371 0.005598
373 0.005550
375 0.005695
377 0.005754
379 0.005825
381 0.005790
383 0.005978
385 0.005988
387 0.006116
389 0.006043
391 0.006256
393 0.006210
395 0.006338
397 0.006434
399 0.006460
401 0.006475
403 0.006687
405 0.006789
407 0.006801
409 0.006800
411 0.006865
413 0.007006
415 0.006999
417 0.007430
419 0.006994
421 0.007024
423 0.007315
425 0.007274
427 0.007281
429 0.007302
431 0.007582
433 0.007618
435 0.007641
437 0.007682
439 0.009017
441 0.009726
443 0.008141
445 0.008577
447 0.010506
449 0.010504
451 0.009183
453 0.008874
455 0.010437
457 0.008365
459 0.009372
461 0.009466
463 0.009707
465 0.007555
467 0.008980
469 0.009087
471 0.008130
473 0.008581
475 0.008472
477 0.008189
479 0.010806
481 0.008358
483 0.008651
485 0.009647
487 0.012566
489 0.009934
491 0.009738
493 0.009937
495 0.011592
497 0.011940
499 0.013520
501 0.011470
503 0.010558
505 0.010486
507 0.012157
509 0.011122
511 0.011347
513 0.010761
515 0.011543
517 0.011103
519 0.011127
521 0.011536
523 0.010828
525 0.012397
527 0.011795
529 0.011567
531 0.011478
533 0.011579
535 0.011611
537 0.012068
539 0.012015
541 0.012421
543 0.013988
545 0.011939
547 0.012419
549 0.012482
551 0.012374
553 0.013094
555 0.012498
557 0.012907
559 0.013089
561 0.012913
563 0.012777
565 0.013152
567 0.013550
569 0.013463
571 0.013452
573 0.013325
575 0.013679
577 0.013696
579 0.014050
581 0.015760
583 0.014561
585 0.014087
587 0.014133
589 0.014375
591 0.014145
593 0.014342
595 0.014621
597 0.014655
599 0.014700
601 0.016077
603 0.014452
605 0.015158
607 0.015955
609 0.015271
611 0.014970
613 0.016829
615 0.015124
617 0.015841
619 0.017201
621 0.015880
623 0.016109
625 0.016113
627 0.016395
629 0.016153
631 0.016456
633 0.017950
635 0.016716
637 0.016244
639 0.017072
641 0.016292
643 0.016711
645 0.017292
647 0.017522
649 0.017969
651 0.017536
653 0.017709
655 0.018987
657 0.017792
659 0.017329
661 0.017999
663 0.018125
665 0.018190
667 0.018167
669 0.018575
671 0.019743
673 0.018894
675 0.018529
677 0.018533
679 0.018377
681 0.019887
683 0.020318
685 0.019645
687 0.019091
689 0.020662
691 0.019162
693 0.019213
695 0.019684
697 0.020431
699 0.019958
701 0.019678
703 0.019876
705 0.022032
707 0.019080
709 0.020221
711 0.020338
713 0.020382
715 0.021128
717 0.020762
719 0.021125
721 0.020857
723 0.022368
725 0.020786
727 0.019431
729 0.021591
731 0.021695
733 0.021688
735 0.022317
737 0.022240
739 0.024270
741 0.023427
743 0.022708
745 0.022207
747 0.024201
749 0.022427
751 0.023002
753 0.022849
755 0.024316
757 0.021470
759 0.023109
761 0.023149
763 0.023183
765 0.028413
767 0.024071
769 0.023621
771 0.024893
773 0.023868
775 0.024688
777 0.024131
779 0.024356
781 0.024661
783 0.025209
785 0.026926
787 0.026321
789 0.024679
791 0.025484
793 0.025411
795 0.025112
797 0.025590
799 0.026372
801 0.025950
803 0.027402
805 0.026114
807 0.025738
809 0.028246
811 0.025941
813 0.027556
815 0.026816
817 0.028211
819 0.028402
821 0.028489
823 0.027634
825 0.027930
827 0.028956
829 0.027518
831 0.027301
833 0.028832
835 0.032889
837 0.034200
839 0.024833
841 0.033150
843 0.028407
845 0.028835
847 0.032535
849 0.031326
851 0.029218
853 0.029203
855 0.029596
857 0.028846
859 0.031000
861 0.029703
863 0.029941
865 0.030722
867 0.031686
869 0.025495
871 0.026365
873 0.030549
875 0.032476
877 0.032543
879 0.030527
881 0.030800
883 0.038651
885 0.033080
887 0.031413
889 0.031655
891 0.031689
893 0.034357
895 0.031829
897 0.031825
899 0.032665
901 0.034591
903 0.033317
905 0.034914
907 0.032949
909 0.033455
911 0.032701
913 0.033484
915 0.033562
917 0.032930
919 0.035554
921 0.035475
923 0.033489
925 0.034164
927 0.036100
929 0.037277
931 0.034718
933 0.035173
935 0.032090
937 0.033258
939 0.034845
941 0.035749
943 0.035114
945 0.036286
947 0.035706
949 0.036439
951 0.037657
953 0.035605
955 0.036528
957 0.036454
959 0.038088
961 0.043072
963 0.031316
965 0.036932
967 0.039166
969 0.036991
971 0.037678
973 0.038191
975 0.039598
977 0.037869
979 0.037315
981 0.038345
983 0.040080
985 0.038039
987 0.038423
989 0.038743
991 0.041042
993 0.039465
995 0.039330
997 0.041186
999 0.039737
