2 0.000003
4 0.000003
6 0.000003
8 0.000003
10 0.000003
12 0.000003
14 0.000003
16 0.000003
18 0.000003
20 0.000003
22 0.000075
24 0.000003
26 0.000003
28 0.000003
30 0.000003
32 0.000003
34 0.000003
36 0.000004
38 0.000004
40 0.000004
42 0.000004
44 0.000004
46 0.000004
48 0.000004
50 0.000004
52 0.000004
54 0.000004
56 0.000004
58 0.000004
60 0.000004
62 0.000004
64 0.000004
66 0.000004
68 0.000004
70 0.000004
72 0.000004
74 0.000005
76 0.000004
78 0.000005
80 0.000005
82 0.000005
84 0.000004
86 0.000005
88 0.000005
90 0.000005
92 0.000005
94 0.000005
96 0.000005
98 0.000004
100 0.000005
102 0.000004
104 0.000004
106 0.000004
108 0.000004
110 0.000004
112 0.000020
114 0.000004
116 0.000004
118 0.000005
120 0.000005
122 0.000004
124 0.000020
126 0.000020
128 0.000009
130 0.000033
132 0.000005
134 0.000005
136 0.000005
138 0.000005
140 0.000005
142 0.000005
144 0.000005
146 0.000005
148 0.000005
150 0.000005
152 0.000005
154 0.000005
156 0.000005
158 0.000007
160 0.000005
162 0.000005
164 0.000005
166 0.000008
168 0.000005
170 0.000005
172 0.000005
174 0.000005
176 0.000005
178 0.000006
180 0.000006
182 0.000006
184 0.000006
186 0.000008
188 0.000006
190 0.000008
192 0.000006
194 0.000006
196 0.000006
198 0.000006
200 0.000005
202 0.000009
204 0.000006
206 0.000006
208 0.000006
210 0.000006
212 0.000006
214 0.000006
216 0.000006
218 0.000005
220 0.000006
222 0.000006
224 0.000006
226 0.000006
228 0.000006
230 0.000006
232 0.000006
234 0.000008
236 0.000006
238 0.000006
240 0.000009
242 0.000008
244 0.000006
246 0.000006
248 0.000006
250 0.000007
252 0.000006
254 0.000006
256 0.000006
258 0.000006
260 0.000006
262 0.000006
264 0.000009
266 0.000006
268 0.000006
270 0.000006
272 0.000007
274 0.000007
276 0.000014
278 0.000007
280 0.000007
282 0.000007
284 0.000007
286 0.000020
288 0.000007
290 0.000009
292 0.000010
294 0.000007
296 0.000007
298 0.000007
300 0.000007
302 0.000007
304 0.000006
306 0.000007
308 0.000007
310 0.000007
312 0.000022
314 0.000007
316 0.000007
318 0.000007
320 0.000007
322 0.000007
324 0.000007
326 0.000007
328 0.000007
330 0.000007
332 0.000007
334 0.000007
336 0.000008
338 0.000007
340 0.000007
342 0.000007
344 0.000007
346 0.000007
348 0.000007
350 0.000007
352 0.000007
354 0.000008
356 0.000008
358 0.000008
360 0.000008
362 0.000008
364 0.000006
366 0.000006
368 0.000006
370 0.000012
372 0.000008
374 0.000008
376 0.000009
378 0.000007
380 0.000008
382 0.000008
384 0.000015
386 0.000008
388 0.000008
390 0.000008
392 0.000008
394 0.000008
396 0.000008
398 0.000008
400 0.000011
402 0.000008
404 0.000008
406 0.000008
408 0.000008
410 0.000008
412 0.000008
414 0.000008
416 0.000008
418 0.000013
420 0.000007
422 0.000007
424 0.000010
426 0.000008
428 0.000008
430 0.000008
432 0.000010
434 0.000010
436 0.000008
438 0.000007
440 0.000007
442 0.000007
444 0.000007
446 0.000009
448 0.000008
450 0.000011
452 0.000007
454 0.000007
456 0.000008
458 0.000009
460 0.000009
462 0.000007
464 0.000012
466 0.000009
468 0.000009
470 0.000009
472 0.000009
474 0.000009
476 0.000009
478 0.000009
480 0.000009
482 0.000009
484 0.000009
486 0.000009
488 0.000008
490 0.000009
492 0.000009
494 0.000009
496 0.000012
498 0.000009
500 0.000009
502 0.000009
504 0.000009
506 0.000009
508 0.000009
510 0.000009
512 0.000009
514 0.000008
516 0.000009
518 0.000009
520 0.000009
522 0.000009
524 0.000009
526 0.000009
528 0.000007
530 0.000008
532 0.000009
534 0.000010
536 0.000009
538 0.000009
540 0.000009
542 0.000008
544 0.000008
546 0.000010
548 0.000010
550 0.000010
552 0.000010
554 0.000008
556 0.000008
558 0.000008
560 0.000008
562 0.000009
564 0.000010
566 0.000010
568 0.000011
570 0.000010
572 0.000010
574 0.000010
576 0.000010
578 0.000010
580 0.000010
582 0.000012
584 0.000010
586 0.000010
588 0.000010
590 0.000010
592 0.000009
594 0.000010
596 0.000010
598 0.000010
600 0.000010
602 0.000010
604 0.000010
606 0.000015
608 0.000010
610 0.000010
612 0.000013
614 0.000015
616 0.000010
618 0.000010
620 0.000013
622 0.000010
624 0.000013
626 0.000010
628 0.000016
630 0.000009
632 0.000013
634 0.000009
636 0.000010
638 0.000010
640 0.000010
642 0.000010
644 0.000011
646 0.000010
648 0.000011
650 0.000009
652 0.000011
654 0.000011
656 0.000011
658 0.000011
660 0.000009
662 0.000013
664 0.000011
666 0.000011
668 0.000013
670 0.000011
672 0.000013
674 0.000011
676 0.000011
678 0.000011
680 0.000011
682 0.000009
684 0.000011
686 0.000013
688 0.000011
690 0.000011
692 0.000011
694 0.000011
696 0.000009
698 0.000011
700 0.000015
702 0.000020
704 0.000011
706 0.000009
708 0.000016
710 0.000014
712 0.000011
714 0.000009
716 0.000012
718 0.000011
720 0.000011
722 0.000011
724 0.000011
726 0.000011
728 0.000011
730 0.000011
732 0.000009
734 0.000011
736 0.000011
738 0.000011
740 0.000013
742 0.000012
744 0.000015
746 0.000010
748 0.000012
750 0.000011
752 0.000012
754 0.000014
756 0.000010
758 0.000012
760 0.000011
762 0.000012
764 0.000010
766 0.000013
768 0.000011
770 0.000012
772 0.000010
774 0.000012
776 0.000012
778 0.000010
780 0.000010
782 0.000013
784 0.000017
786 0.000012
788 0.000012
790 0.000012
792 0.000012
794 0.000010
796 0.000010
798 0.000011
800 0.000011
802 0.000012
804 0.000012
806 0.000010
808 0.000012
810 0.000012
812 0.000015
814 0.000012
816 0.000012
818 0.000015
820 0.000012
822 0.000012
824 0.000013
826 0.000024
828 0.000012
830 0.000012
832 0.000012
834 0.000010
836 0.000012
838 0.000016
840 0.000011
842 0.000013
844 0.000010
846 0.000010
848 0.000013
850 0.000018
852 0.000010
854 0.000013
856 0.000013
858 0.000013
860 0.000012
862 0.000013
864 0.000013
866 0.000013
868 0.000010
870 0.000013
872 0.000013
874 0.000013
876 0.000013
878 0.000013
880 0.000011
882 0.000012
884 0.000013
886 0.000013
888 0.000013
890 0.000011
892 0.000013
894 0.000016
896 0.000013
898 0.000013
900 0.000013
902 0.000011
904 0.000013
906 0.000013
908 0.000013
910 0.000011
912 0.000013
914 0.000013
916 0.000013
918 0.000013
920 0.000013
922 0.000011
924 0.000014
926 0.000013
928 0.000011
930 0.000014
932 0.000013
934 0.000011
936 0.000014
938 0.000013
940 0.000011
942 0.000014
944 0.000014
946 0.000013
948 0.000014
950 0.000011
952 0.000014
954 0.000014
956 0.000014
958 0.000014
960 0.000014
962 0.000011
964 0.000014
966 0.000011
968 0.000013
970 0.000014
972 0.000013
974 0.000014
976 0.000012
978 0.000013
980 0.000011
982 0.000014
984 0.000012
986 0.000014
988 0.000015
990 0.000014
992 0.000013
994 0.000014
996 0.000014
998 0.000014
