1 0.000002
3 0.000005
5 0.000003
7 0.000006
9 0.000005
11 0.000006
13 0.000009
15 0.000019
17 0.000012
19 0.000002
21 0.000016
23 0.000004
25 0.000008
27 0.000012
29 0.000016
31 0.000043
33 0.000036
35 0.000028
37 0.000034
39 0.000004
41 0.000056
43 0.000025
45 0.000031
47 0.000007
49 0.000007
51 0.000032
53 0.000081
55 0.000078
57 0.000031
59 0.000006
61 0.000009
63 0.000007
65 0.000017
67 0.000143
69 0.000037
71 0.000032
73 0.000173
75 0.000172
77 0.000070
79 0.000036
81 0.000084
83 0.000058
85 0.000036
87 0.000046
89 0.000003
91 0.000044
93 0.000189
95 0.000049
97 0.000090
99 0.000093
101 0.000107
103 0.000209
105 0.000031
107 0.000383
109 0.000045
111 0.000005
113 0.000058
115 0.000151
117 0.000010
119 0.000079
121 0.000024
123 0.000019
125 0.000242
127 0.000062
129 0.000270
131 0.000128
133 0.000082
135 0.000013
137 0.000058
139 0.000435
141 0.000250
143 0.000795
145 0.000181
147 0.000218
149 0.000008
151 0.000502
153 0.000631
155 0.001047
157 0.000054
159 0.000217
161 0.000195
163 0.000362
165 0.000137
167 0.000242
169 0.000157
171 0.000199
173 0.000585
175 0.000715
177 0.000151
179 0.000066
181 0.000107
183 0.000226
185 0.000996
187 0.001935
189 0.000022
191 0.000939
193 0.000669
195 0.000099
197 0.000120
199 0.000423
201 0.000554
203 0.000021
205 0.000465
207 0.000170
209 0.001097
211 0.000016
213 0.000456
215 0.001462
217 0.000452
219 0.000639
221 0.000113
223 0.001387
225 0.000107
227 0.000661
229 0.000412
231 0.000188
233 0.000120
235 0.001111
237 0.000269
239 0.000185
241 0.000023
243 0.000258
245 0.001508
247 0.001987
249 0.001445
251 0.000641
253 0.000029
255 0.000222
257 0.000346
259 0.000046
261 0.000212
263 0.000439
265 0.000173
267 0.000937
269 0.002015
271 0.002366
273 0.001981
275 0.000180
277 0.000155
279 0.000720
281 0.001499
283 0.000873
285 0.000043
287 0.000104
289 0.001927
291 0.003770
293 0.001357
295 0.000355
297 0.000728
299 0.001141
301 0.000677
303 0.000484
305 0.000107
307 0.000720
309 0.000104
311 0.002440
313 0.001624
315 0.000122
317 0.000105
319 0.000864
321 0.000670
323 0.000030
325 0.001427
327 0.000069
329 0.000460
331 0.000026
333 0.001149
335 0.000328
337 0.001162
339 0.000228
341 0.001292
343 0.003453
345 0.000116
347 0.002627
349 0.003575
351 0.000432
353 0.000238
355 0.000809
357 0.000277
359 0.000093
361 0.000380
363 0.000291
365 0.001685
367 0.000565
369 0.000314
371 0.005293
373 0.001203
375 0.001488
377 0.001295
379 0.003594
381 0.000158
383 0.000222
385 0.002349
387 0.000483
389 0.004280
391 0.000321
393 0.001547
395 0.000501
397 0.000280
399 0.001922
401 0.000692
403 0.000019
405 0.000503
407 0.001371
409 0.000202
411 0.001512
413 0.000798
415 0.000349
417 0.000390
419 0.000106
421 0.000393
423 0.000661
425 0.000555
427 0.000098
429 0.000067
431 0.000674
433 0.000297
435 0.000268
437 0.000180
439 0.004069
441 0.001707
443 0.002953
445 0.000023
447 0.004662
449 0.000188
451 0.003722
453 0.003241
455 0.000218
457 0.003754
459 0.000166
461 0.000078
463 0.000210
465 0.003145
467 0.000819
469 0.000317
471 0.001348
473 0.000044
475 0.001957
477 0.002087
479 0.003499
481 0.000320
483 0.001880
485 0.000456
487 0.004377
489 0.000249
491 0.003464
493 0.000092
495 0.001312
497 0.000205
499 0.000033
501 0.000492
503 0.002648
505 0.001557
507 0.000350
509 0.000012
511 0.000531
513 0.000113
515 0.001806
517 0.000046
519 0.000181
521 0.002538
523 0.005931
525 0.000298
527 0.000566
529 0.003664
531 0.002413
533 0.000129
535 0.004112
537 0.000163
539 0.000368
541 0.001517
543 0.000811
545 0.001213
547 0.000519
549 0.001609
551 0.000682
553 0.000154
555 0.000273
557 0.001054
559 0.008288
561 0.000324
563 0.002062
565 0.000332
567 0.000026
569 0.002360
571 0.000569
573 0.001524
575 0.007581
577 0.000009
579 0.003969
581 0.000088
583 0.001797
585 0.002152
587 0.000753
589 0.001668
591 0.000589
593 0.000976
595 0.004359
597 0.000367
599 0.000534
601 0.003030
603 0.001227
605 0.000764
607 0.000143
609 0.010637
611 0.000066
613 0.004413
615 0.002184
617 0.002308
619 0.001435
621 0.001007
623 0.000465
625 0.000435
627 0.000060
629 0.007697
631 0.006582
633 0.007914
635 0.000170
637 0.004799
639 0.003657
641 0.000025
643 0.008933
645 0.007956
647 0.002112
649 0.004337
651 0.004170
653 0.000249
655 0.001430
657 0.000254
659 0.000968
661 0.002800
663 0.008620
665 0.001614
667 0.002587
669 0.003471
671 0.000050
673 0.000099
675 0.000108
677 0.000138
679 0.000175
681 0.000803
683 0.000090
685 0.000447
687 0.000992
689 0.001194
691 0.000210
693 0.000320
695 0.000118
697 0.000029
699 0.002580
701 0.000198
703 0.000071
705 0.001844
707 0.000630
709 0.001041
711 0.003948
713 0.013334
715 0.006370
717 0.000081
719 0.000592
721 0.007421
723 0.004083
725 0.001070
727 0.004017
729 0.001605
731 0.013981
733 0.000025
735 0.001727
737 0.010546
739 0.000274
741 0.004731
743 0.001640
745 0.000388
747 0.000715
749 0.001095
751 0.000490
753 0.000416
755 0.000065
757 0.000561
759 0.004204
761 0.000286
763 0.010174
765 0.001356
767 0.001802
769 0.000292
771 0.000088
773 0.009921
775 0.000052
777 0.003694
779 0.000042
781 0.001114
783 0.000420
785 0.000526
787 0.000090
789 0.004295
791 0.000394
793 0.001334
795 0.002252
797 0.007608
799 0.000508
801 0.000101
803 0.006160
805 0.000245
807 0.007699
809 0.002610
811 0.003314
813 0.005031
815 0.010060
817 0.000895
819 0.000526
821 0.010990
823 0.000694
825 0.000366
827 0.001151
829 0.001571
831 0.007285
833 0.001929
835 0.000732
837 0.002624
839 0.014501
841 0.003610
843 0.001535
845 0.003357
847 0.009885
849 0.002963
851 0.002226
853 0.005129
855 0.013636
857 0.015167
859 0.001727
861 0.002418
863 0.004366
865 0.009833
867 0.000534
869 0.000207
871 0.000076
873 0.014600
875 0.000527
877 0.001800
879 0.000676
881 0.000244
883 0.000118
885 0.009511
887 0.000303
889 0.012527
891 0.012822
893 0.000037
895 0.013602
897 0.000080
899 0.001204
901 0.001505
903 0.002419
905 0.000024
907 0.000223
909 0.000545
911 0.003545
913 0.001200
915 0.004608
917 0.000444
919 0.013742
921 0.000023
923 0.005680
925 0.001622
927 0.000800
929 0.000460
931 0.012285
933 0.006024
935 0.000714
937 0.003821
939 0.003498
941 0.003175
943 0.001066
945 0.006604
947 0.004967
949 0.009160
951 0.004343
953 0.002135
955 0.005732
957 0.008816
959 0.000748
961 0.000069
963 0.002247
965 0.004387
967 0.001913
969 0.000890
971 0.001017
973 0.004173
975 0.002285
977 0.009327
979 0.005959
981 0.010633
983 0.007714
985 0.000657
987 0.000050
989 0.000957
991 0.000058
993 0.004885
995 0.001255
997 0.000538
999 0.002829
