2 0.000041
4 0.000051
6 0.000061
8 0.000071
10 0.000080
12 0.000147
14 0.000096
16 0.000106
18 0.000115
20 0.000127
22 0.000146
24 0.000142
26 0.000153
28 0.000162
30 0.000170
32 0.000178
34 0.000189
36 0.000223
38 0.000238
40 0.000254
42 0.000263
44 0.000275
46 0.000285
48 0.000297
50 0.000294
52 0.000278
54 0.000283
56 0.000295
58 0.000437
60 0.000426
62 0.000347
64 0.000334
66 0.000336
68 0.000334
70 0.000512
72 0.000381
74 0.000568
76 0.000575
78 0.000556
80 0.000424
82 0.000442
84 0.000466
86 0.000546
88 0.000541
90 0.000532
92 0.000562
94 0.000750
96 0.000632
98 0.000590
100 0.000704
102 0.000600
104 0.000644
106 0.000623
108 0.000767
110 0.000678
112 0.000686
114 0.000870
116 0.000875
118 0.000712
120 0.000709
122 0.000734
124 0.000740
126 0.000744
128 0.000746
130 0.000757
132 0.000764
134 0.000763
136 0.000787
138 0.000799
140 0.000972
142 0.001108
144 0.000897
146 0.000865
148 0.000855
150 0.000885
152 0.000895
154 0.000890
156 0.000910
158 0.000904
160 0.001020
162 0.001115
164 0.001434
166 0.000950
168 0.000951
170 0.000989
172 0.001131
174 0.001027
176 0.001010
178 0.001341
180 0.001329
182 0.001141
184 0.001071
186 0.001709
188 0.001052
190 0.001090
192 0.001087
194 0.000948
196 0.000933
198 0.000942
200 0.000948
202 0.000933
204 0.001153
206 0.001556
208 0.001280
210 0.001165
212 0.001404
214 0.001175
216 0.001240
218 0.003815
220 0.001249
222 0.001238
224 0.001339
226 0.001247
228 0.001068
230 0.001076
232 0.001246
234 0.001473
236 0.001661
238 0.002059
240 0.001780
242 0.001649
244 0.001407
246 0.001399
248 0.001459
250 0.001490
252 0.001589
254 0.001682
256 0.001785
258 0.001483
260 0.001512
262 0.001733
264 0.001891
266 0.001916
268 0.001562
270 0.006782
272 0.001549
274 0.001395
276 0.001271
278 0.004847
280 0.001595
282 0.001593
284 0.001496
286 0.001730
288 0.001669
290 0.001949
292 0.002529
294 0.001937
296 0.002854
298 0.001999
300 0.001997
302 0.001886
304 0.002004
306 0.002046
308 0.001881
310 0.001778
312 0.001862
314 0.001807
316 0.001700
318 0.002179
320 0.002032
322 0.002922
324 0.002089
326 0.001838
328 0.001868
330 0.002133
332 0.001879
334 0.002174
336 0.002004
338 0.001901
340 0.001938
342 0.002171
344 0.001925
346 0.001986
348 0.002097
350 0.001965
352 0.002030
354 0.002062
356 0.001996
358 0.003435
360 0.002771
362 0.002871
364 0.002449
366 0.002322
368 0.002331
370 0.002223
372 0.002194
374 0.002678
376 0.002203
378 0.003810
380 0.002153
382 0.002179
384 0.002648
386 0.002366
388 0.002230
390 0.002273
392 0.003022
394 0.002231
396 0.002542
398 0.002544
400 0.002848
402 0.002329
404 0.002597
406 0.002338
408 0.001996
410 0.002357
412 0.002464
414 0.003791
416 0.002533
418 0.002621
420 0.002817
422 0.002431
424 0.002707
426 0.002527
428 0.002503
430 0.002787
432 0.003466
434 0.002588
436 0.003114
438 0.002589
440 0.002607
442 0.002585
444 0.003817
446 0.003790
448 0.003589
450 0.004947
452 0.002331
454 0.003287
456 0.002643
458 0.002904
460 0.002637
462 0.003187
464 0.002763
466 0.003411
468 0.002984
470 0.002893
472 0.004498
474 0.003170
476 0.003089
478 0.003617
480 0.004018
482 0.003496
484 0.003026
486 0.003118
488 0.003334
490 0.005347
492 0.002400
494 0.003385
496 0.003170
498 0.003015
500 0.003310
502 0.003338
504 0.002803
506 0.002882
508 0.002926
510 0.003607
512 0.003666
514 0.003635
516 0.002959
518 0.002986
520 0.002939
522 0.003569
524 0.002982
526 0.002974
528 0.003559
530 0.003472
532 0.002956
534 0.002617
536 0.003369
538 0.003065
540 0.003057
542 0.004475
544 0.003439
546 0.003816
548 0.003181
550 0.003944
552 0.003326
554 0.003270
556 0.003523
558 0.003215
560 0.003185
562 0.003419
564 0.004928
566 0.003588
568 0.003652
570 0.003967
572 0.003414
574 0.003370
576 0.003398
578 0.003263
580 0.003385
582 0.003484
584 0.004795
586 0.004283
588 0.003380
590 0.004531
592 0.003694
594 0.003436
596 0.003792
598 0.004495
600 0.003469
602 0.003463
604 0.004557
606 0.003832
608 0.004481
610 0.003463
612 0.003859
614 0.003960
616 0.003608
618 0.003576
620 0.005235
622 0.003516
624 0.004309
626 0.003867
628 0.005361
630 0.003563
632 0.003878
634 0.003582
636 0.003783
638 0.003695
640 0.004445
642 0.003808
644 0.003839
646 0.003854
648 0.004031
650 0.004166
652 0.003874
654 0.005267
656 0.003777
658 0.004056
660 0.003102
662 0.004591
664 0.004198
666 0.004577
668 0.004864
670 0.004140
672 0.004102
674 0.003909
676 0.004337
678 0.004316
680 0.004510
682 0.003876
684 0.004634
686 0.004542
688 0.004937
690 0.006442
692 0.003433
694 0.004364
696 0.004270
698 0.003968
700 0.003882
702 0.004391
704 0.008190
706 0.003386
708 0.004466
710 0.005198
712 0.004193
714 0.003985
716 0.005416
718 0.004182
720 0.003413
722 0.003415
724 0.004576
726 0.004065
728 0.004217
730 0.003432
732 0.004210
734 0.004890
736 0.004926
738 0.004002
740 0.004202
742 0.004121
744 0.003586
746 0.005759
748 0.004780
750 0.003526
752 0.003835
754 0.004953
756 0.005352
758 0.005526
760 0.005651
762 0.005770
764 0.004305
766 0.005505
768 0.004505
770 0.004590
772 0.004797
774 0.006929
776 0.006522
778 0.006002
780 0.005275
782 0.005377
784 0.006262
786 0.006586
788 0.005726
790 0.007120
792 0.004845
794 0.003947
796 0.003726
798 0.003728
800 0.003763
802 0.003791
804 0.003791
806 0.005090
808 0.004775
810 0.004895
812 0.003818
814 0.004844
816 0.003958
818 0.004645
820 0.003993
822 0.004735
824 0.004044
826 0.005636
828 0.003874
830 0.004775
832 0.004852
834 0.003949
836 0.005485
838 0.004921
840 0.004614
842 0.004998
844 0.004107
846 0.004726
848 0.004848
850 0.004772
852 0.004903
854 0.005282
856 0.004042
858 0.005109
860 0.004412
862 0.004112
864 0.005912
866 0.006075
868 0.005395
870 0.006565
872 0.005034
874 0.005321
876 0.004269
878 0.005023
880 0.003043
882 0.005290
884 0.005416
886 0.005501
888 0.007074
890 0.005491
892 0.005087
894 0.004240
896 0.006389
898 0.005649
900 0.005217
902 0.008465
904 0.006059
906 0.006499
908 0.009276
910 0.005737
912 0.012167
914 0.005359
916 0.005296
918 0.005298
920 0.005391
922 0.004863
924 0.005374
926 0.005291
928 0.006968
930 0.006846
932 0.006224
934 0.006423
936 0.006422
938 0.006550
940 0.005036
942 0.004403
944 0.004827
946 0.006095
948 0.006047
950 0.005235
952 0.006745
954 0.005721
956 0.005163
958 0.006272
960 0.005748
962 0.005468
964 0.006135
966 0.005426
968 0.012075
970 0.006097
972 0.005516
974 0.005588
976 0.007049
978 0.005548
980 0.005301
982 0.006915
984 0.005749
986 0.005483
988 0.008441
990 0.005660
992 0.007264
994 0.005628
996 0.006691
998 0.005718
