1 0.000054
3 0.000121
5 0.000245
7 0.000396
9 0.000415
11 0.000611
13 0.001060
15 0.001342
17 0.001645
19 0.001637
21 0.001575
23 0.001997
25 0.002033
27 0.002587
29 0.002769
31 0.003091
33 0.003476
35 0.003967
37 0.004766
39 0.004853
41 0.005807
43 0.005810
45 0.006322
47 0.005805
49 0.007841
51 0.008302
53 0.009049
55 0.008118
57 0.008822
59 0.008845
61 0.006006
63 0.004786
65 0.011061
67 0.018601
69 0.014271
71 0.018980
73 0.018879
75 0.019426
77 0.019732
79 0.019746
81 0.021344
83 0.022382
85 0.025962
87 0.025215
89 0.031849
91 0.033188
93 0.021506
95 0.029326
97 0.029202
99 0.025700
101 0.013970
103 0.029962
105 0.040522
107 0.033977
109 0.035398
111 0.037467
113 0.038995
115 0.040968
117 0.041796
119 0.043686
121 0.027836
123 0.018219
125 0.018295
127 0.019733
129 0.020896
131 0.020551
133 0.023145
135 0.022357
137 0.042738
139 0.022937
141 0.024803
143 0.050047
145 0.060192
147 0.064768
149 0.033548
151 0.058799
153 0.054493
155 0.043709
157 0.048543
159 0.047468
161 0.071608
163 0.071038
165 0.061410
167 0.071875
169 0.056391
171 0.071146
173 0.097372
175 0.089840
177 0.080188
179 0.085239
181 0.072962
183 0.045056
185 0.068719
187 0.102726
189 0.055818
191 0.044695
193 0.049273
195 0.100303
197 0.061573
199 0.105627
201 0.103983
203 0.115570
205 0.065129
207 0.113485
209 0.075425
211 0.080667
213 0.094825
215 0.104951
217 0.112112
219 0.071086
221 0.106631
223 0.101389
225 0.118839
227 0.131407
229 0.158050
231 0.144614
233 0.161246
235 0.142745
237 0.132397
239 0.171225
241 0.142019
243 0.155608
245 0.148860
247 0.109638
249 0.139761
251 0.117896
253 0.146188
255 0.152261
257 0.158290
259 0.171057
261 0.118285
263 0.142015
265 0.183756
267 0.164984
269 0.217133
271 0.161345
273 0.191216
275 0.151028
277 0.207031
279 0.149764
281 0.165337
283 0.180651
285 0.185117
287 0.222480
289 0.217561
291 0.190965
293 0.162787
295 0.268591
297 0.241890
299 0.283894
