1 0.000053
3 0.000069
5 0.000120
7 0.000120
9 0.000088
11 0.000091
13 0.000294
15 0.000313
17 0.000088
19 0.000301
21 0.000567
23 0.000241
25 0.000772
27 0.000792
29 0.000495
31 0.000654
33 0.000970
35 0.000367
37 0.001261
39 0.001716
41 0.001526
43 0.001285
45 0.001037
47 0.001695
49 0.000804
51 0.001361
53 0.000755
55 0.001231
57 0.000756
59 0.001622
61 0.001729
63 0.000772
65 0.001037
67 0.000586
69 0.001779
71 0.002344
73 0.002451
75 0.001678
77 0.001095
79 0.002103
81 0.002636
83 0.003717
85 0.001351
87 0.003650
89 0.001889
91 0.000278
93 0.001744
95 0.003794
97 0.002192
99 0.003846
101 0.001913
103 0.004027
105 0.002257
107 0.001797
109 0.005420
111 0.002011
113 0.002781
115 0.002812
117 0.003218
119 0.000797
121 0.002204
123 0.002521
125 0.004594
127 0.000855
129 0.003475
131 0.003589
133 0.002456
135 0.003251
137 0.001381
139 0.000814
141 0.006456
143 0.010483
145 0.008902
147 0.004148
149 0.003647
151 0.001977
153 0.002129
155 0.007142
157 0.003615
159 0.006250
161 0.006466
163 0.014107
165 0.009909
167 0.004081
169 0.005686
171 0.013388
173 0.007670
175 0.009866
177 0.006914
179 0.009168
181 0.002901
183 0.002406
185 0.007002
187 0.007521
189 0.014069
191 0.020110
193 0.002064
195 0.001677
197 0.011160
199 0.009358
201 0.001920
203 0.011359
205 0.011997
207 0.002753
209 0.009800
211 0.007412
213 0.028348
215 0.011076
217 0.025559
219 0.017660
221 0.027086
223 0.005131
225 0.021251
227 0.025895
229 0.005635
231 0.004425
233 0.007107
235 0.010357
237 0.006034
239 0.024637
241 0.022750
243 0.019640
245 0.020031
247 0.000895
249 0.013621
251 0.005243
253 0.008746
255 0.001085
257 0.004758
259 0.005794
261 0.010813
263 0.003846
265 0.001144
267 0.009645
269 0.003972
271 0.011952
273 0.005616
275 0.010341
277 0.011070
279 0.017803
281 0.008021
283 0.016967
285 0.001703
287 0.002107
289 0.024504
291 0.035290
293 0.022240
295 0.005893
297 0.023534
299 0.008625
301 0.016593
303 0.010192
305 0.016102
307 0.033309
309 0.029422
311 0.008358
313 0.003243
315 0.004349
317 0.020257
319 0.004565
321 0.025402
323 0.004479
325 0.020001
327 0.008423
329 0.027779
331 0.022027
333 0.002790
335 0.003478
337 0.005566
339 0.001460
341 0.002567
343 0.019631
345 0.016044
347 0.049882
349 0.009694
351 0.011782
353 0.013721
355 0.015003
357 0.061437
359 0.075752
361 0.034617
363 0.016825
365 0.003503
367 0.005306
369 0.005827
371 0.027571
373 0.028706
375 0.052462
377 0.032161
379 0.020661
381 0.002404
383 0.028841
385 0.047434
387 0.055826
389 0.026545
391 0.010884
393 0.030123
395 0.007476
397 0.008926
399 0.019062
401 0.014630
403 0.056146
405 0.014599
407 0.018077
409 0.053681
411 0.096071
413 0.022162
415 0.013167
417 0.016683
419 0.010042
421 0.026439
423 0.018541
425 0.000711
427 0.047264
429 0.016784
431 0.070879
433 0.029921
435 0.068833
437 0.046402
439 0.040826
441 0.022539
443 0.027906
445 0.004519
447 0.040240
449 0.078982
451 0.035242
453 0.043945
455 0.117106
457 0.049200
459 0.102717
461 0.027361
463 0.052945
465 0.052694
467 0.012272
469 0.036033
471 0.017696
473 0.015115
475 0.087594
477 0.026913
479 0.061090
481 0.012789
483 0.038341
485 0.000547
487 0.015594
489 0.011831
491 0.038093
493 0.018703
495 0.003764
497 0.002560
499 0.027789
