1 0.000037
3 0.000103
5 0.000198
7 0.000279
9 0.000349
11 0.000541
13 0.000649
15 0.000670
17 0.000600
19 0.000636
21 0.000512
23 0.000649
25 0.000636
27 0.000643
29 0.000622
31 0.000656
33 0.000691
35 0.000542
37 0.000540
39 0.000596
41 0.000654
43 0.000649
45 0.000668
47 0.001000
49 0.001017
51 0.000964
53 0.001052
55 0.001259
57 0.001343
59 0.001190
61 0.001457
63 0.001648
65 0.001659
67 0.001587
69 0.001505
71 0.001710
73 0.001825
75 0.001554
77 0.001428
79 0.001582
81 0.001483
83 0.001618
85 0.001739
87 0.001710
89 0.001709
91 0.002073
93 0.002182
95 0.002020
97 0.001909
99 0.001793
101 0.001942
103 0.001926
105 0.001966
107 0.001910
109 0.002061
111 0.002045
113 0.002049
115 0.002172
117 0.002235
119 0.002078
121 0.002274
123 0.002153
125 0.002263
127 0.002274
129 0.002370
131 0.002226
133 0.002281
135 0.002316
137 0.002583
139 0.002426
141 0.002439
143 0.002522
145 0.003810
147 0.003814
149 0.004181
151 0.002988
153 0.004986
155 0.002964
157 0.002263
159 0.003678
161 0.003101
163 0.003286
165 0.003202
167 0.007026
169 0.003618
171 0.002996
173 0.007292
175 0.004495
177 0.003792
179 0.003802
181 0.003211
183 0.003647
185 0.003217
187 0.003175
189 0.002743
191 0.002716
193 0.003829
195 0.002770
197 0.003066
199 0.003722
201 0.004357
203 0.003797
205 0.003684
207 0.003682
209 0.003847
211 0.003851
213 0.003847
215 0.003766
217 0.003993
219 0.004553
221 0.003959
223 0.004365
225 0.006514
227 0.004233
229 0.004062
231 0.004117
233 0.004119
235 0.004173
237 0.004161
239 0.004585
241 0.004389
243 0.004294
245 0.005346
247 0.005991
249 0.004638
251 0.004613
253 0.004469
255 0.004444
257 0.004725
259 0.004903
261 0.004580
263 0.004698
265 0.006092
267 0.004925
269 0.004876
271 0.005212
273 0.008010
275 0.005509
277 0.004898
279 0.004901
281 0.006435
283 0.005277
285 0.007049
287 0.005498
289 0.005076
291 0.005095
293 0.005902
295 0.005345
297 0.006838
299 0.005394
301 0.005427
303 0.005549
305 0.005536
307 0.005618
309 0.005742
311 0.006755
313 0.005667
315 0.005573
317 0.005800
319 0.005912
321 0.005704
323 0.006155
325 0.006054
327 0.006887
329 0.006100
331 0.005886
333 0.006420
335 0.006159
337 0.006521
339 0.006107
341 0.007815
343 0.006169
345 0.006299
347 0.006856
349 0.006705
351 0.006272
353 0.006310
355 0.006350
357 0.007879
359 0.006592
361 0.006486
363 0.006736
365 0.007503
367 0.006859
369 0.006805
371 0.007755
373 0.006731
375 0.006955
377 0.006998
379 0.006706
381 0.006851
383 0.007199
385 0.008202
387 0.006847
389 0.007637
391 0.006863
393 0.007021
395 0.007092
397 0.007601
399 0.008244
401 0.007596
403 0.007151
405 0.007235
407 0.007386
409 0.007972
411 0.008438
413 0.007897
415 0.007381
417 0.007369
419 0.007546
421 0.011949
423 0.007557
425 0.009067
427 0.007729
429 0.008602
431 0.008186
433 0.007906
435 0.007987
437 0.009139
439 0.008933
441 0.007792
443 0.008781
445 0.009013
447 0.008722
449 0.008531
451 0.009113
453 0.008073
455 0.011659
457 0.009138
459 0.008075
461 0.008988
463 0.010498
465 0.009543
467 0.009250
469 0.009278
471 0.008365
473 0.008469
475 0.009332
477 0.010560
479 0.008457
481 0.008407
483 0.009063
485 0.012096
487 0.009949
489 0.010488
491 0.011436
493 0.011954
495 0.014269
497 0.009443
499 0.009690
501 0.011154
503 0.010787
505 0.009714
507 0.010347
509 0.015812
511 0.009160
513 0.010203
515 0.010461
517 0.010036
519 0.012040
521 0.009714
523 0.009292
525 0.010602
527 0.009875
529 0.009874
531 0.012206
533 0.010721
535 0.014822
537 0.016609
539 0.013260
541 0.012830
543 0.014261
545 0.011805
547 0.017030
549 0.011452
551 0.015656
553 0.011449
555 0.012027
557 0.010162
559 0.010560
561 0.011231
563 0.011987
565 0.010041
567 0.013277
569 0.012731
571 0.014475
573 0.011781
575 0.012929
577 0.010577
579 0.014368
581 0.012017
583 0.012430
585 0.010836
587 0.010852
589 0.017426
591 0.011160
593 0.010626
595 0.012763
597 0.012863
599 0.013001
601 0.010692
603 0.012217
605 0.011039
607 0.011526
609 0.011307
611 0.011674
613 0.015461
615 0.014735
617 0.012000
619 0.013960
621 0.011567
623 0.011392
625 0.011874
627 0.012796
629 0.011418
631 0.012393
633 0.011329
635 0.011284
637 0.011700
639 0.012916
641 0.011576
643 0.011514
645 0.013073
647 0.012800
649 0.013949
651 0.014848
653 0.012753
655 0.014108
657 0.012833
659 0.011826
661 0.011746
663 0.013447
665 0.012572
667 0.012334
669 0.013222
671 0.012105
673 0.012290
675 0.013554
677 0.012189
679 0.012763
681 0.014088
683 0.013426
685 0.015968
687 0.015263
689 0.013548
691 0.015862
693 0.013887
695 0.017911
697 0.016053
699 0.012717
701 0.012413
703 0.014177
705 0.014758
707 0.019794
709 0.014577
711 0.013907
713 0.013315
715 0.014964
717 0.013447
719 0.013985
721 0.014152
723 0.017745
725 0.013052
727 0.014753
729 0.014503
731 0.020929
733 0.013642
735 0.015251
737 0.015050
739 0.017884
741 0.016949
743 0.017813
745 0.016281
747 0.017724
749 0.016059
751 0.016180
753 0.013751
755 0.018738
757 0.013314
759 0.018174
761 0.014879
763 0.019867
765 0.015182
767 0.019929
769 0.015795
771 0.015661
773 0.018417
775 0.018167
777 0.014134
779 0.020094
781 0.015161
783 0.014154
785 0.020001
787 0.014559
789 0.018529
791 0.014352
793 0.017063
795 0.015984
797 0.018232
799 0.017344
801 0.020149
803 0.015177
805 0.015722
807 0.016994
809 0.019652
811 0.018112
813 0.018661
815 0.015348
817 0.022470
819 0.015746
821 0.015715
823 0.015133
825 0.017143
827 0.015413
829 0.015646
831 0.015537
833 0.015597
835 0.015436
837 0.016502
839 0.016762
841 0.013318
843 0.016547
845 0.015632
847 0.014315
849 0.015688
851 0.016808
853 0.016277
855 0.016525
857 0.015730
859 0.018469
861 0.017513
863 0.017538
865 0.017300
867 0.015187
869 0.019314
871 0.016780
873 0.015578
875 0.015263
877 0.014851
879 0.016618
881 0.017320
883 0.016276
885 0.015871
887 0.017384
889 0.017037
891 0.016623
893 0.018395
895 0.016393
897 0.020677
899 0.016007
901 0.015341
903 0.016559
905 0.017664
907 0.016137
909 0.017615
911 0.016078
913 0.018274
915 0.020517
917 0.017686
919 0.017155
921 0.015951
923 0.016219
925 0.018549
927 0.017055
929 0.017463
931 0.017542
933 0.018125
935 0.017571
937 0.018234
939 0.018507
941 0.019532
943 0.016864
945 0.018018
947 0.017182
949 0.018766
951 0.017824
953 0.017653
955 0.018287
957 0.017211
959 0.018768
961 0.015971
963 0.015709
965 0.019367
967 0.019926
969 0.018002
971 0.017246
973 0.018850
975 0.018319
977 0.019862
979 0.017129
981 0.018104
983 0.017523
985 0.020316
987 0.017527
989 0.018691
991 0.018265
993 0.019172
995 0.018917
997 0.019369
999 0.019154
