1 0.000021
3 0.000003
5 0.000005
7 0.000008
9 0.000009
11 0.000012
13 0.000015
15 0.000019
17 0.000023
19 0.000027
21 0.000060
23 0.000047
25 0.000052
27 0.000060
29 0.000068
31 0.000077
33 0.000086
35 0.000096
37 0.000100
39 0.000099
41 0.000109
43 0.000119
45 0.000129
47 0.000153
49 0.000151
51 0.000193
53 0.000209
55 0.000222
57 0.000239
59 0.000230
61 0.000271
63 0.000278
65 0.000261
67 0.000278
69 0.000304
71 0.000310
73 0.000335
75 0.000340
77 0.000364
79 0.000392
81 0.000472
83 0.000412
85 0.000442
87 0.000458
89 0.001296
91 0.001108
93 0.000861
95 0.000775
97 0.000840
99 0.000783
101 0.000628
103 0.000659
105 0.000666
107 0.000648
109 0.000759
111 0.000752
113 0.000874
115 0.000931
117 0.000722
119 0.000965
121 0.000952
123 0.001012
125 0.001035
127 0.001095
129 0.001098
131 0.001368
133 0.001300
135 0.001227
137 0.001178
139 0.001159
141 0.001176
143 0.001574
145 0.001341
147 0.001410
149 0.001317
151 0.001381
153 0.001398
155 0.001583
157 0.001663
159 0.002555
161 0.001519
163 0.001555
165 0.001854
167 0.001734
169 0.001720
171 0.001875
173 0.001750
175 0.002089
177 0.001990
179 0.001904
181 0.002099
183 0.001963
185 0.002060
187 0.002098
189 0.002201
191 0.002151
193 0.002392
195 0.002662
197 0.002314
199 0.002666
201 0.002473
203 0.002560
205 0.002427
207 0.002890
209 0.002801
211 0.002898
213 0.002940
215 0.002750
217 0.002964
219 0.003704
221 0.003694
223 0.003098
225 0.002989
227 0.003018
229 0.003081
231 0.003288
233 0.003635
235 0.003617
237 0.004031
239 0.004047
241 0.003403
243 0.003540
245 0.003544
247 0.003506
249 0.004487
251 0.004076
253 0.003700
255 0.004300
257 0.004313
259 0.003935
261 0.004359
263 0.004403
265 0.004252
267 0.004591
269 0.004661
271 0.004597
273 0.005269
275 0.004689
277 0.004627
279 0.004645
281 0.004643
283 0.008855
285 0.004873
287 0.005328
289 0.004886
291 0.006428
293 0.005320
295 0.005650
297 0.005160
299 0.005311
301 0.005486
303 0.007990
305 0.005570
307 0.006101
309 0.006286
311 0.005776
313 0.006134
315 0.006018
317 0.005970
319 0.005478
321 0.005914
323 0.006737
325 0.008400
327 0.007772
329 0.007169
331 0.007730
333 0.007802
335 0.014363
337 0.007489
339 0.007362
341 0.008410
343 0.007491
345 0.008898
347 0.007532
349 0.007643
351 0.007571
353 0.007870
355 0.007985
357 0.008045
359 0.008047
361 0.008968
363 0.008676
365 0.008392
367 0.010138
369 0.012702
371 0.008791
373 0.009466
375 0.011839
377 0.009723
379 0.009271
381 0.009878
383 0.011544
385 0.009845
387 0.013047
389 0.014463
391 0.010078
393 0.011614
395 0.009895
397 0.010330
399 0.011819
401 0.010709
403 0.010598
405 0.012323
407 0.012227
409 0.011529
411 0.012095
413 0.012403
415 0.013624
417 0.012101
419 0.011281
421 0.011438
423 0.013253
425 0.012749
427 0.011996
429 0.013136
431 0.011053
433 0.011949
435 0.013306
437 0.011429
439 0.013221
441 0.013225
443 0.013076
445 0.012964
447 0.014054
449 0.014354
451 0.013838
453 0.013860
455 0.014048
457 0.012273
459 0.014231
461 0.014274
463 0.013154
465 0.012586
467 0.014386
469 0.015154
471 0.015874
473 0.015872
475 0.015855
477 0.015504
479 0.016517
481 0.019437
483 0.016008
485 0.019486
487 0.020251
489 0.016073
491 0.014289
493 0.016412
495 0.015083
497 0.015815
499 0.017563
