1 0.000005
2 0.000010
3 0.000025
4 0.000041
5 0.000136
6 0.000238
7 0.000347
8 0.000452
9 0.000336
10 0.000457
11 0.000972
12 0.001604
13 0.002141
14 0.002567
15 0.003135
16 0.004402
17 0.005697
18 0.005804
19 0.007130
20 0.007913
21 0.009723
22 0.009257
23 0.013183
24 0.013976
25 0.015685
26 0.018118
27 0.021707
28 0.022933
29 0.025965
30 0.028514
31 0.031040
32 0.034378
33 0.037424
34 0.039149
35 0.047832
36 0.053567
37 0.056705
38 0.062805
39 0.066509
40 0.059935
41 0.079450
42 0.080482
43 0.091225
44 0.100042
45 0.104610
46 0.115144
47 0.119835
48 0.131218
49 0.140058
50 0.153299
51 0.161009
52 0.175081
53 0.178187
54 0.193829
55 0.200812
56 0.216147
57 0.239231
58 0.261040
59 0.267022
60 0.285473
61 0.306429
62 0.327059
63 0.339718
64 0.355844
65 0.392406
66 0.421681
67 0.446166
68 0.449722
69 0.522160
70 0.508617
71 0.559512
72 0.588203
73 0.623151
74 0.652709
75 0.660651
76 0.718673
77 0.713924
78 0.764871
79 0.740778
80 0.802889
81 0.901394
82 0.921614
83 0.973622
84 0.995027
85 0.989693
86 1.114082
87 1.148804
88 1.279775
89 1.279936
90 1.354870
91 1.405677
92 1.396006
93 1.539988
94 1.628782
95 1.683007
96 1.747742
97 1.821271
98 1.846517
99 1.965014
